1 157.555
2 30.399
3 42.152
4 47.554
5 58.083
6 52.819
7 55.807
8 73.424
9 62.265
10 64.098
11 69.661
12 67.396
13 64.867
14 62.651
15 69.595
16 70.567
17 71.142
18 70.336
19 69.810
20 74.154
21 73.408
22 70.384
23 77.460
24 74.018
25 80.439
26 78.391
27 78.906
28 80.509
29 82.360
30 80.518
31 82.815
32 84.932
33 94.625
34 93.529
35 88.147
36 99.685
37 91.236
38 99.436
39 102.655
40 102.646
41 105.548
42 106.664
43 109.006
44 100.939
45 104.140
46 105.933
47 106.228
48 107.947
49 109.406
50 111.456
51 112.715
52 114.157
53 115.999
54 117.892
55 120.399
56 120.909
57 123.578
58 123.876
59 126.841
60 138.592
61 142.108
62 142.725
63 144.502
64 145.864
65 148.391
66 150.588
67 152.148
68 151.874
69 157.752
70 158.018
71 159.103
72 161.741
73 162.554
74 162.439
75 165.319
76 167.067
77 170.035
78 170.461
79 171.963
80 173.247
81 176.663
82 178.162
83 179.488
84 180.602
85 182.742
86 184.754
87 191.271
88 189.821
89 179.960
90 181.589
91 184.268
92 187.184
93 187.563
94 200.387
95 201.319
96 202.766
97 204.563
98 212.037
99 208.795
100 210.698
