1 26.222
2 25.123
3 23.021
4 22.490
5 31.377
6 31.649
7 29.128
8 32.042
9 32.706
10 39.107
11 29.850
12 36.051
13 35.843
14 40.698
15 39.531
16 36.349
17 43.615
18 43.762
19 38.265
20 43.761
21 48.058
22 40.057
23 45.131
24 47.020
25 48.597
26 43.728
27 49.385
28 50.339
29 53.641
30 52.459
31 51.670
32 52.166
33 52.959
34 54.454
35 53.127
36 56.007
37 54.957
38 55.115
39 54.348
40 55.249
41 56.268
42 57.822
43 57.058
44 57.054
45 57.766
46 58.049
47 57.885
48 57.761
49 58.836
50 59.218
51 59.671
52 59.910
53 59.293
54 63.793
55 57.072
56 59.644
57 63.876
58 58.614
59 61.119
60 63.262
61 60.086
62 61.820
63 66.024
64 60.233
65 61.419
66 62.774
67 67.483
68 62.445
69 62.541
70 62.247
71 64.270
72 63.758
73 68.988
74 61.455
75 67.400
76 63.800
77 64.895
78 72.401
79 75.520
80 75.831
81 66.817
82 66.550
83 66.492
84 65.992
85 67.212
86 67.756
87 67.630
88 63.317
89 70.415
90 63.651
91 70.534
92 63.047
93 70.959
94 63.473
95 70.696
96 62.553
97 70.414
98 62.614
99 70.324
100 63.057
