1 29.478
2 34.297
3 25.688
4 30.794
5 33.950
6 40.146
7 31.548
8 39.606
9 34.228
10 41.941
11 34.545
12 42.555
13 48.573
14 44.021
15 48.629
16 48.976
17 50.766
18 51.433
19 51.223
20 51.944
21 52.316
22 51.611
23 52.066
24 53.009
25 50.687
26 51.128
27 51.362
28 51.158
29 50.391
30 47.298
31 52.783
32 50.170
33 46.864
34 49.352
35 49.162
36 49.225
37 49.506
38 49.449
39 49.770
40 48.844
41 48.956
42 49.117
43 49.425
44 48.686
45 50.210
46 50.406
47 49.723
48 51.554
49 49.865
50 50.856
51 50.811
52 50.720
53 51.070
54 50.745
55 53.232
56 51.128
57 51.867
58 51.543
59 53.982
60 51.732
61 51.804
62 51.458
63 51.533
64 51.598
65 52.138
66 52.348
67 52.333
68 53.071
69 53.323
70 52.811
71 52.592
72 53.059
73 53.698
74 57.082
75 51.519
76 53.365
77 53.797
78 56.637
79 53.233
80 54.465
81 55.257
82 54.513
83 55.588
84 55.038
85 57.725
86 57.142
87 60.128
88 55.168
89 55.858
90 55.022
91 54.906
92 55.254
93 54.348
94 54.439
95 53.701
96 55.116
97 56.767
98 55.980
99 58.379
100 54.695
